n = 3
Min = 2.500000
Max = 3.890000
Sum = 9.640000
Average = 3.213333
